443

(4444447443 SPVRIAE.

corp. Index

(wama 344-4-444
444 344

corp. 4443444
(44373444ἓέ 5³³ ÷imag. 3(3)

434 4444.44ο4.44-)-457
435 4444144444
433 4444444444
437 4435

433 Η3

433 [434-44443. 4 -4- inc. lect. 5
443 443

444 443

443 Η4

443 CM

444 3343)-444444444
445 4445

443 4434

447 4443

443 433

443 443-44444443
444 4444344
454 4443

453 4443

433 4444444433
454 Τ43

455 444 ,

453 443

454 CM

453 Α7-Ι-4444.4444.44
453 4444-4-447
433 74444)

434 44

434 3444444454)
433 355-4-333
434 455

455 455

433 447

457 843

433 4444444
433 44-4-74
473 44

444 333

444 4444444444
473 vest. inc.

474 443

445 435

476 433

477 433

473 444

473 437

433 4444444444
434 444

433 447

433 453

434 453

435 443

433 453

437 454

433 453

439 Ek

433 nuum

434 453

444 4444444444
433 533

——-————·

4) 444). 4444 3.
5) 444). XII 44.

34 4444. XII 47.

4) 444. x11 44. 44.
4) 444. 4444 44.

433 444-4-34-1-4444434
434 4444444.4-)-4444444.44)
433 vest. ino.
433 44433
444 44444444
344 333
343 3334-444444Λ-Ι-433
344 454
344 443
335 4435-4-43
333 444-4-43
337 434-44444445
343 4334444443
444 4444344
343 433
344 434
444 44443443)
343 434
344 33
345 4443
343 457
347 433
343 433
343 453
333 443
334 433
333 443
333 4444)-4-354-’44444Α
334 445-4343
. 375 444-4-4444.4444.
444 4444)
337 444
333 444
333 444
333 444
444 4444444
333 434
333 4434
334 44
335 44444444.
333 433-44444443
334 imag. 36)
333 Η3
333 443
343 4334)-4-33
344 443
343 443
343 443
344 ,4444444443
444 44
343 343
347 848
343 433
343 433
353 333
354 433
353 4444444444
444 4444444444-44
354 inc. lect. 44 4) -)- imag. 4
355 4444444444

3) Tab. xll 43. 4) Τ34). xu 43.

4) 444. 4444 44.

 

