GLANDES SPVRIAE.

corp. Index corp. Index

&ssavo 844 &Immo L58÷RI
40 826 74 III

II 444

42 4444844

44 44444444

44 44444444)

44 844848

44 4444444

44 4444444

48 Incertae lectionis 27

48 840

20 828

24 828

22 inc. 10ch

28 400440444484

24 4440440444 ’

24 8484848 (utrumque bis
excusum)

28 848

27 848

28 844

44 4444444444

80 4484848

44 4444444

42 844

88 848

84 848

84 848

86 848

47 848

44 4444444

88 88408

44 444444

44 884844

42 88408 (bis utrumque)

44 444444

44 8474448

44 44404848

44 44440408

47 4444848

48 4444844

48 84

40 844

44 442444404044

42 844

58 844

44 444444

44 4444444

48 4484848484404444404404)

47 824444444444

68 486

44 4444444

40 442484

44 4424848

42 4424244848004044)

68 LIII-numm

44 2444844004

84 C³I÷num. 44

44 44444440,

47 8444444444.44

68 458

44 4444444

72 444

78 844

74 Rs

74 44444444.

74 44444

77 4444408
78 0844444444
78 08

44 04444

84 8484248
82 08484847)
84 8484464
84 8488)-4-844
84 8484448
84 84

87 8744444444
88 86

88 8444404444
80 883)

44 444444
82 484844
08 L8

84 448-444444444
84 484844
04 448-40424
87 28

88 III-imm
44 4444444444
444 4444444
404 824 “
402 848408
444 444404
404 442

444 44444444444).
444 4444444
407 4442840040. 44
408 4442440οω.44
408 TI

444 444444
444 Es

442 848-44404448
444 4444444
444 844

445 826

440 826

447 84

448 444

448 828

420 848

424 848

422 848

424 44404444.

424 826

424 844

426 828

427 8288480448
428 824 444404444
428 III

480 Ga

484 846

4) 744). XII 4.
4) Τ44). XII 8.

2) Tab. XII 4. 8) 844). XII 6. 4) 844). x11 7.

 

