omnus 4418801888.

Fouard. 11 64* Fmrd.11 w Fmrd. 11 64*

44 3468
483468
48 34888
44 3 4885

4073 548 4703578
4083648 4743878
408 3 580 475 3 580
44035808 476 3584
453404 444 3584 4773588
463 4048 448- 588 4783588
473465 4403588 47835888
483466 44435800 4803584
483467 4453584 4843885
503468 44635848 4883586
54 3460 4473585 4803587
583470 4483586 4843588
503474 4483587 485 = 580
, 54 3 478 4803588 486 3 580
55 3 470 ’484 5888 487 = 584
56 3 474 4883588 488 Β 588
57 3 475
583470
583 477

40- 464 408 3 547 478 3 577

480 3 500 488 588
4843504 4803584
485 3 588 484 = 585
60 3 478
04 3 478
08 3 480

486 3 580 488 = 586
487 3 884 4803587
4883505 484 3 888
60 3 484
84 3 468
55 3488
063484
07 3 485
08 3 4858
08 3 486
70 3 4866

4803 808 408 3 808
4803 07 4063600
484 3500 4073604
4083500 4083808
4003540 4003608
4043 844 8003604
4053 548 804 3 605
4063840 8083 808
74 3467 4073844 80036068
783466 4803545 004 3 606
70 3 400 4003546 8053600
743400 440 3 547 ’ 8083 840
753404 444 3 846 807 3 607
76 3 408 4483840 808 3 844
77 3 400

76 3 404

70 3 4048
80 3 485

64 3 408

68 3 407

4403554 8003 648
4443550 8403640
4453558 844 3644
4463550 8483845
4473554 8403640
4483555 8443648
4403556 8453647 s
450 3587 8463648

80 3 4878
84 3 4870
853488
86 3 4888
873488

454 3 586 847 3 680
4683858 8403 684
458 3 560 848 3 688
88 3 500
68 3 504
80 3 508
84 3 5088
88 3 800
88 3504

454 3 584 880 3 6888
4553568 884 3 680
456 3 568 888 3 684
457 3 864 8803 685
458 3 505 8843686
450 3 560 885 3 687
460 3 567 886 3 688
464 3 568 887 3 688 ,
468 3 5688 888 3 600
4663 568 8803 604
464 3 570 8803608
46535708 804 3688

84 3505
853508
863807
87 3508
883508
883540
4003544
4043548
4083540

466 3 574 808 3 604
467 3 578 808 3 605
4603 878 8843 680
400 3544
4043545
405 3540

4603674 8853 6868
470 3 875 806 3886
474 3 578 8073608

 

