11111111 11111111. ’ 111

corp. Index

64· 1111111 inc. 1111. 11 -1- 11

111 1111111111
118 1111111

111 1111111111
111 11111111
111 11111111
111 110

111 111

111 111

111 111

111 111

111 111

118 111

111 111

110 111

111 111

111 011

111 11

111 1111111111
111 111

111 LIII-III
111 111-1111
118 111-1111111111
111 111-1411111119
111 111-1111111111
181 111 11.11*1
181 vestigia Incerta
111 1111111111111111111
181 (11

111 Ge

181 LIII

181 11

118 11

181 11

111 1111)

111 111

111 111

181 111

101 111

111 III-III
111 sm)

111 811

111 111111111
111 1111111111
111 1111111111
111 111-1111
101 111-111
111 1111-1-11
101 IIII

111 111-1111
101 Im

111 sau-Im
101 IIII

101 IIII

110 IIII

111 Nm

111 1111111
118 CII

111 CIII-III
111 CII

111 1111111
111 ’111

1) 1111).1111 11. 1) 1111111111.
1) 1111. XIII 11. 1) 111). xm 1.

0111. Index
6111111118 111-11111111

111 11

110 IIII

111 111

111 111

111 111

111 118

111 11111111)
116 ’118

111 5111)

118 111-1111
111 111

111 111

111 1111111110-1-111
111 111

111 111-111111
111 11

111 (1111). 111) II 11
111 (Desj. 111) II 11
111 (1111). 111) S 11
118 IIII

111 11111)

111 IIII

811 118

111 111

121 &Quom-Iesum
111 III

111 LIII-CII
111 111

118 111

111 1111)

111 111

111 (11111. 111) 08
111 111

111 1111111111
111 LII

111 110

111 156

111 111

111 111

111 LI

810 II

111 111

111 111

. 161 1.δο

111 111
111 111-11111111
111 111
111 111
111 111

. 111 111)

110 08

111 01

111 11111). 111) L 11

811 01

111 111

111 111-1111131
111 1111111111

811 (118

118 11111111-1111111
111 111

1) 1111. XII 11. 1) 1111111111.

 

