GLANDES spvmffl.

corp. Index corp. Index
64* 484* 448 144. 1444. 44 -4- F 44 54* 484* 444 A 84 -4- C 49 [4)

444 4441444441-4-484
444 444. 1444. 84
444 4444

444 444-444
444 4444844
4444 484-4444444
4445 8874444448
444 844

4444 8444444444
445 1445-4-447-4-14444Λ
444 444-4444144.
444 Eo

448 784

444 448

474 64 >
444 444-4448
448 444144444
444 44414449
444 444. 1444. 84
444 44

478 84

477 1411

448 845

449 64

484 048

484 014

488 4544444448
484 144

484 689

4844 (489

485 44414444
4844 444. lect. 4 -4- imag. 4
485 49

4844 ,444-144444
487 448

488 LII

484 LII

494 68

494 885

498 448444

494 444

494 444-4144448
4944444

444 (488

444 1148

444 vm]

4974 1118

4975 1148

498 Vis

4484 1114 4444444
499 848

544 4448

544 848

548 848

4484 8484444444
544 1148

544 Po

545 1444444

544 Ρ84

544 IIII-imag]
448 889

548 888

——.—-

4) 44444444.
v1

8) 7414. XIII 7.

544 485-4-844
548 485

544 154

544 178

545 LIII

545 1474

547 ’184

518 ’184

548 784-4-444444
584 115

5844 1454144444
584 1444

588 6454144444
484 84

5844 8444444448
584 CII
5844648

585 884

584 448-4448
587 418-4-4444144444
588 844

4844 444-4444444
589 488

544 488

544 484

548 4488

544 484

584 VI

545 485

545 Ρ88

444 444

548 Am

444 444-444
444 444-844
541 888

448 884-4-14
444 8444444
444 444-4444
545 magam-As
545 Ae

547 448

548 Ρ41

549 PII

554 855

554 847

558 LIII

554 848

554 An

555 Fa

555 Fa

557 F³

558 Fu

558 Mu

554 Fa

544 vestino.
558 1144

454 1144444444
544 44414444
444 44414444
555 Mu

557 NI

548 1144444444

4) 7441). Xll 84.
8

 

