XLIV PRAEFATIO.

4444. inser. tab. inser. 444). inser. 4444. inser.

4 244 44 84 3 694 44 424
3 244 42 84 4 744 43 43*
6 244 43 304 3 79 ·46 46*
7 244 44 304 6 74 47 47*
8 474 43 304 7 774 48 48*
9 48 46 304 8 844 49 49*
40 474 47 304 9 774 xlm 27*
44 48094ῊΙΙΘ 48 304 40 80
44 4444333 4444 44 44 444
43 424 2 324 42 694
44424 3 324 X. 4 82
43 424 4 334 2 864
46 94 3 24444 3 864
4444 6 384 4 864
7 3844 3 864
8 384 6 864 40 644444
9 384 7 874 44 644444
40 39 8 93 42 644444
44 444 9 874 43 evm
42 4434 40 88 44 644444
43 404 44 88 43 644444
44 43 42 89 46 evm
43 42 43 844 47 6444444
46 434 44 734 48 6444444
47 434 43 73 49 6444444
48 444 46 404 20 64“444
49 4434 47 96 24 64*444
444444 64 48 400 22 64’444
2 62 49 62* xum ww
664 20 20 2 64“444
664 24 44 3 644444
634 22 6644 4 wan
634 23 8644 3 64*444
67 6 ww
634 . ⁴* 7 ww
' 9 684 ⁴⁸* me
40 684 * 9 64“444
44 684 Α * 40 64“444
42 684 '⁵ 44 6444444
43 684 ,4 42 wass
44 39 43 64“444
43 344 ⁴* 44 64*444
46 344 * 43 644444
IX. 4 64 40 40* 46 wasa
44 64 44 44* ΠΙΜἪ
74 40 64 42 7* 48
74 2 36 43 ⁴3*

2
3
4
3
6
7
8
9
. 4
2
3
4
3
6
7
8
9
40
44
42
43
44
43

10

Ogooeqmexnfioe

 

